00011001100110011001100110011001100110011001100110011001100110011
01100110011001100110011001100110011001100110011001100110011001100
00011001100110011001100110011001100110011001100110011001100110011
01100110011001100110011001100110011001100110011001100110011001100
00011001100110011001100110011001100110011001100110011001100110011
01100110011001100110011001100110011001100110011001100110011001100
00011001100110011001100110011001100110011001100110011001100110011
01100110011001100110011001100110011001100110011001100110011001100
00011001100110011001100110011001100110011001100110011001100110011
01100110011001100110011001100110011001100110011001100110011001100
00011001100110011001100110011001100110011001100110011001100110011
01100110011001100110011001100110011001100110011001100110011001100
