0001 1001 1001 1001 1001 1001 1001 1001 1001 1001 1001 1001 1001 1001 1001 1001 1

1111 1001 1001 1111 1111 1111 1001 1111 1001 1001 1111 1111 1001 1001 1001 1001 1

1110 0000 0001 1111 1001 1001 1001 1001 1001 1001 1001 1111 1111 1111 1111 1111 1

11111111111111111111111111111001100110011001100110011001111111111
00011111100111111111100110011001100111111111111111111111111111111
00011001100110011001100110011001100000000000000000000000000110011
00011000000000000000000000011001111111111001100111111001100110011
11100110011110011001100111111001111110011001111111111111111110011
00011001100111111111111111111111100110011001111111111111100110011
11111111111111111001100110011001100110011111111111111111111110011
01111111111111111001100110011111111111111111111110011111100110011
11111111111111111111111111111111111111111001100110011111111111111
